100
6 9294988
6 0120101
2 001
5 500001
6 4800101
6 6000001
6 1120121
5 000397
3 6574
6 4200001
6 1212022
6 9464121
6 9999999
6 1900001
4 30601
5 600001
1 02
6 0080001
6 1409301
6 0090005
6 1111121
3 0001
3 0001
6 0100222
0 1
6 5000068
0 2
5 000001
5 343171
6 0001001
6 3767638
6 0120121
6 0309404
0 1
6 2070001
6 4905179
6 0000208
6 0003001
6 5000001
5 110011
6 0200222
2 111
1 21
3 6044
6 3005003
6 0090001
2 001
6 0000101
5 000009
6 0201101
2 771
4 11111
3 2021
6 0600973
1 09
6 7045607
6 4000131
6 0000001
0 1
4 00101
5 129451
2 001
6 1201202
6 1808001
3 2021
6 2018001
6 1212121
4 12111
4 90437
6 8000002
3 3696
6 0000401
2 001
6 0000001
6 4879192
6 1111111
6 4000701
3 1441
6 8000061
6 0000001
6 0000001
2 401
1 11
6 2030091
6 6005091
5 840944
5 112101
6 0600101
6 8956714
6 0007007
6 2020409
3 9001
6 0000004
0 1
6 1630351
6 0500006
5 957001
6 9470378
6 5185244
5 000001
