100
4 2
5 2
6 2
1000 1000
1000 1
361470 347182
1000000 1000000
999999 499997
999999 262144
500000 237856
453005 414843
1000000 999999
500000 131072
500000 128
899464 804743
610219 561787
999999 524288
1000000 2
4 1
999999 499998
445973 401410
999999 262143
500000 262143
608389 468669
999999 475712
1000000 499998
688211 554273
500000 247506
946301 868004
1000000 509063
689434 657289
500000 250000
1000000 475712
999999 128
620629 551707
670714 553961
999999 2
547029 428632
999999 408985
1 1
500000 499999
489885 454666
994080 915771
958013 803574
999999 127
500000 127
739054 707214
753939 610393
500000 237857
1000000 127
641929 631892
500000 215625
999999 999998
942199 739731
483477 364026
1000000 323543
295797 281280
264864 208678
999999 475711
459973 392532
273581 226276
999999 524287
1000000 475713
801381 657888
999999 999999
500000 249998
500000 131071
1000000 262143
777866 630377
2 2
1000000 262144
500000 262144
290131 239794
698358 666520
1000000 128
500000 2
1000000 524288
345803 330457
500000 500000
278085 266696
3 1
500000 1
999999 496374
1000000 499999
1000000 500000
251446 221498
935954 886769
3 2
999999 499999
744215 666981
1000000 524287
826038 661051
5 1
999999 1
905722 768147
500000 249999
2 1
629028 586254
1000000 1
942222 827902
