100
2 3 2
1 1 1
2 1 2
3 2 3
100 9 100
78 1 78
2 35 2
2 2 2
6 13 6
81 4 81
81 5 81
100 7 100
3 1 3
27 10 27
68 7 68
7 9 7
14 9 14
40 10 40
36 5 36
46 3 46
100 2 100
13 13 13
90 5 90
53 10 53
10 18 10
19 9 19
4 18 4
36 10 36
35 8 35
1 97 1
28 7 28
14 4 14
74 3 74
19 7 19
10 5 10
80 8 80
98 2 98
13 7 13
94 7 94
4 29 4
73 6 73
83 5 83
1 4 1
1 2 1
48 7 48
4 15 4
91 5 91
5 8 5
6 20 6
60 3 60
62 1 62
14 7 14
22 11 22
57 2 57
3 4 3
1 83 1
3 3 3
91 9 91
79 2 79
46 4 46
27 11 27
65 5 65
10 1 10
1 11 1
100 4 100
4 4 4
71 7 71
6 10 6
49 5 49
2 33 2
9 12 9
1 25 1
10 14 10
9 5 9
2 59 2
37 1 37
4 2 4
11 4 11
100 3 100
1 89 1
15 3 15
98 4 98
1 3 1
93 8 93
25 3 25
1 100 1
4 1 4
100 1 100
62 10 62
4 3 4
92 7 92
1 35 1
2 4 2
52 8 52
3 15 3
1 84 1
8 4 8
31 5 31
3 37 3
43 10 43
