100
11 5 16 5 0 0
3 1 3 2 2 0
3 1 3 2 1 0
2 1 5 1 1 1
86 1 75 37 1 15
92 1 30 46 0 3
96 1 95 47 0 1
90 1 100 44 0 1
95 1 92 46 0 1
94 1 22 46 0 4
73 1 44 54 16 17
4 6 42 44 18 2
97 1 33 48 0 3
56 6 46 33 1 6
34 1 89 14 4 10
90 1 98 46 0 1
97 1 97 48 0 1
90 1 91 45 0 1
76 24 59 95 5 37
12 1 39 5 3 1
92 1 97 47 0 1
96 1 92 49 0 1
100 1 46 50 0 2
100 1 23 53 0 4
95 4 23 34 0 0
99 1 22 53 0 4
99 2 2 8 0 0
46 1 95 23 4 5
96 1 91 48 0 1
93 1 94 45 0 1
100 1 90 50 0 1
99 1 96 50 0 1
84 1 100 39 3 9
99 1 99 50 0 1
57 1 9 69 4 15
93 1 99 45 0 1
14 2 32 5 1 3
10 1 74 4 3 1
94 1 31 46 0 3
90 1 92 46 0 1
98 1 92 48 0 1
95 1 91 48 0 1
50 1 64 12 2 4
96 1 93 49 0 1
92 1 91 47 0 1
92 1 19 23 0 0
96 1 49 49 0 2
98 1 45 50 0 2
5 1 63 2 2 1
93 1 90 46 0 1
90 1 95 44 0 1
91 1 96 46 0 1
90 1 94 45 0 1
99 1 100 48 0 1
96 1 97 49 0 1
12 1 38 4 1 1
92 1 99 45 0 1
100 1 48 51 0 2
61 1 29 25 1 1
96 1 95 48 0 1
93 1 95 47 0 1
61 1 73 25 3 8
26 1 60 13 3 2
82 1 28 46 3 4
100 1 57 40 4 14
100 1 95 49 0 1
45 1 89 8 4 3
93 1 22 49 0 4
92 1 23 47 0 4
92 1 95 46 0 1
95 1 45 49 0 2
90 1 30 44 0 3
99 1 91 48 0 1
99 1 48 49 0 2
98 1 32 51 0 3
68 1 76 30 4 13
45 21 24 75 2 6
96 1 90 57 4 31
96 1 96 47 0 1
96 1 32 50 0 3
50 10 69 26 23 4
95 1 22 47 0 4
8 1 85 3 4 1
93 1 96 47 0 1
80 15 55 89 33 87
93 1 95 45 0 1
100 1 90 51 0 1
28 5 50 7 0 0
100 1 91 50 0 1
98 1 92 50 0 1
88 7 48 60 0 0
96 1 90 49 0 1
100 1 31 51 0 3
36 41 85 76 28 49
100 1 48 49 0 2
100 1 97 49 0 1
98 1 24 52 0 4
1 37 98 33 41 5
46 1 26 26 2 4
22 49 99 11 2 2
