100
11 5 16 5 0 0
3 1 3 2 2 0
3 1 3 2 1 0
2 1 5 1 1 1
100 1 92 51 0 1
88 7 48 60 0 0
3 1 87 1 2 1
90 1 96 45 0 1
16 1 67 7 2 5
99 1 23 48 0 4
92 1 75 55 3 14
45 1 44 21 1 4
90 1 30 45 0 3
99 1 22 49 0 4
95 4 23 34 0 0
81 1 45 35 1 31
7 4 6 2 1 3
97 1 94 47 0 1
36 1 39 19 3 2
92 1 92 47 0 1
99 1 97 48 0 1
100 1 32 51 0 3
94 1 31 46 0 3
20 1 95 11 3 8
100 1 47 51 0 2
99 1 49 51 0 2
99 1 31 48 0 3
96 1 90 48 0 1
90 1 99 46 0 1
97 1 30 50 0 3
97 1 99 49 0 1
92 5 12 47 2 16
9 1 45 4 1 1
68 1 75 99 1 70
91 1 93 44 0 1
100 1 45 52 0 2
92 1 95 47 0 1
75 1 60 35 4 10
47 10 39 74 15 10
98 1 93 48 0 1
93 1 97 45 0 1
94 1 92 47 0 1
80 1 36 40 3 1
98 1 97 49 0 1
96 1 96 47 0 1
94 1 46 49 0 2
99 1 90 49 0 1
48 1 77 44 1 34
97 1 47 50 0 2
88 27 67 39 8 17
97 1 31 51 0 3
13 44 60 5 12 3
90 1 96 46 0 1
70 1 33 30 2 1
91 1 91 45 0 1
94 1 24 47 0 4
91 1 96 44 0 1
93 1 100 47 0 1
36 41 85 76 28 49
21 1 34 83 3 6
45 1 76 54 2 28
14 1 83 40 2 6
88 7 98 48 1 35
91 1 92 44 0 1
90 1 97 44 0 1
26 1 60 13 3 2
91 1 94 44 0 1
99 1 92 49 0 1
93 1 91 46 0 1
98 1 99 48 0 1
96 1 94 49 0 1
92 1 95 46 0 1
99 2 2 8 0 0
94 1 45 47 0 2
97 1 31 48 0 3
58 6 73 87 41 16
93 1 24 49 0 4
92 1 100 45 0 1
65 1 75 31 1 13
90 1 24 46 0 4
28 5 50 7 0 0
90 1 94 46 0 1
92 1 97 47 0 1
93 1 22 47 0 4
93 1 97 47 0 1
96 1 92 49 0 1
90 1 92 44 0 1
68 1 23 97 4 42
90 1 47 47 0 2
83 1 45 39 3 10
59 1 54 61 4 26
100 1 100 41 3 17
92 1 91 45 0 1
98 1 23 48 0 4
92 1 19 23 0 0
98 1 99 50 0 1
80 15 55 89 33 87
97 1 99 47 0 1
99 1 93 49 0 1
93 1 98 46 0 1
