99
2 1
500 300
900
660
2 1
500 300
1500
809
2 2
50 100
450 449
1100 1101
2 1
500 300
300
500
1 8
10
11 13 17 11 16 14 12 18
1 2
5
11749 10342
2 3
662481 852322
637753 887110 969349
898016 992855 977243
1 8
6
6 54 6 6 6 66 6 6
1 5
7
7 7 7 7 77
2 5
5 5
12082 11484 12500 13365 11250
11300 13750 13607 11281 12500
2 8
9 2
22500 19800 13181 9462 12442 17820 19064 9867
2649 5000 4278 3600 2978 2184 2044 4840
1 5
659634
790187 846415 866152 717318 995683
2 4
1 6
1304 1441 1205 1295
7409 7074 7770 7563
2 8
72561 81312
937806 912837 349484 668036 807062 905672 900343 924506
792361 844427 777613 695897 938808 920760 897360 797608
1 6
7
21 43 42 77 13 28
1 5
10
20 90 21 19 21
2 8
2 10
14 2 18 10 2 8 22 4
110 10 9 76 50 37 90 20
1 6
677629
745835 861106 707896 738770 902341 701455
2 8
5 1
3276 2750 2181 3000 1027 500 1411 3921
728 600 777 100 281 429 450 202
1 6
2
4140 4693 400 3276 200 751
2 5
4 4
748 1320 2006 1600 432
417 1846 746 1600 1080
2 8
374097 209279
945345 527691 717364 947190 877480 354871 874363 996133
680601 915752 153087 904816 556844 472971 883426 747864
1 7
10
13500 16105 15040 15297 14616 16500 13487
1 4
6
5101 578 1213 13200
2 7
10 3
9040 9010 10010 9334 9713 8509 9651
2444 2457 2916 2692 2703 2712 2704
1 7
20237
155779 965007 631107 754146 909937 827404 747461
1 4
9
3600 1980 2825 889
1 3
763970
777667 310734 402390
1 6
8
4808 4833 4800 4550 5280 5167
1 5
1
2171 2133 2332 2420 2200
1 7
7
7 7 7 77 7 7 63
1 3
1000000
900000 899999 900001
1 7
9
11010 3566 18000 8007 20700 6930 13802
1 2
3
3 27
2 2
9 7
9164 15240
10862 6938
1 2
1
200 220
2 8
8 7
759 4752 5600 6227 1600 4400 3327 2486
2018 4900 5999 4134 676 1400 2951 3150
2 6
5 3
3533 2700 7775 4950 1000 9467
6051 1980 4890 3630 2205 600
1 7
2
4 6 12 8 18 22 4
1 5
10
18970 19265 18688 20900 20362
1 2
1
934 810
2 6
570224 646939
925551 775936 850071 675311 909207 809675
730152 768166 952010 948823 974621 948080
1 7
3
639 1800 300 1183 1418 2172 990
2 8
6 9
7224 6676 7735 7986 7581 7212 7920 6852
10818 11898 10836 9801 9720 10509 10091 11354
1 5
235412
821398 877680 999864 675724 890597
2 5
3 1
1504 600 270 966 1176
200 110 381 549 284
2 7
36841 97471
643557 717963 943343 251196 925055 932034 508762
835702 913616 811378 545772 751582 708236 693857
1 8
1
7 8 11 1 11 3 6 8
2 4
6 5
13 47 38 30
25 10 37 30
2 8
6 3
4800 5092 4603 4608 4777 5168 4628 5280
2245 2492 2446 2269 2278 2161 2400 2160
1 8
4
18 24 12 32 21 36 36 8
1 1
6
10357
1 3
1
98 1350 104
1 6
5
6625 7150 6500 10402 5000 4538
2 5
8 10
7730 11440 1600 1535 2162
2000 2855 11700 9236 1819
1 7
10
3000 5489 3828 5400 7682 2010 1100
2 1
3 1
1080
440
2 8
198374 9366
973575 631681 929087 284594 826091 846458 999550 821809
475646 733689 857187 355937 827890 501015 658417 990830
2 4
203705 231206
999760 936345 491167 959535
965086 687971 354418 849006
2 4
10 9
9000 8275 8100 9857
7829 8910 8245 8100
2 8
2 2
2 2 2 2 18 2 2 18
22 2 22 2 2 2 2 2
2 6
2 6
8 15 18 8 4 12
26 45 13 24 66 36
1 1
415927
843635
2 5
8 9
5112 5600 5724 5195 5368
6576 5833 6300 7029 5914
2 8
7 8
7700 7383 9240 8314 1400 4850 8127 16100
9525 1600 8640 7200 8489 9938 5177 18400
2 7
8 5
1582 2160 739 4683 5561 4084 3200
935 1650 2770 3506 2654 2000 480
2 5
4 5
20 32 44 35 11
45 15 43 40 23
2 4
8 7
16000 5498 13680 20046
14000 14630 4564 16232
2 3
6 6
8922 8400 7690
8787 8145 8400
2 8
1 5
2484 2300 2300 2188 2485 2530 2530 2318
10600 10350 11500 10350 11576 10724 12172 11500
2 2
6 8
19 66
72 25
1 8
10
4 7 2 1 3 6 8 5
1 1
9
1971
2 8
10 10
4000 6600 1100 8662 4933 7080 3023 1819
4000 1855 900 5400 8501 4993 6975 3082
1 6
8
12009 11466 13200 12682 11935 12032
2 8
3 1
27 9 15 24 33 9 9 12
8 3 3 3 9 11 5 4
2 8
1 1
1000000 999999 999998 999997 999996 999995 999994 999993
999992 999991 999990 999989 999988 999987 999986 999985
1 1
300626
529232
2 8
3 9
16 33 24 20 18 33 25 3
81 79 54 9 48 77 58 81
2 5
7 5
16170 15295 15926 14653 14700
9450 9829 11495 9680 10500
1 7
4
5760 9470 8188 7929 7200 4167 9851
2 3
10 7
23139 5118 20000
14536 3570 14000
2 2
2 1
4140 4293
2277 2530
1 4
2
360 600 789 199
2 7
6 1
15000 6883 8627 8354 2903 13860 1286
1447 490 1295 2500 1073 207 1890
2 4
6 10
1670 2463 600 1167
1912 1000 4075 2722
2 7
6 10
650 562 600 540 540 629 600
1052 1100 1100 1000 1000 940 922
2 1
10 6
1100
540
1 7
5
14 55 20 14 37 24 40
2 6
1 2
595 605 625 582 600 660
1092 1115 1101 1208 1200 1080
2 8
297361 6327
785683 944127 947564 766621 823595 958153 959528 960646
951935 680148 917153 990854 962665 996026 314709 306704
1 1
3
6914
1 4
8
2372 2616 2440 2317
1 4
3
600 1320 308 888
2 3
4 4
789 1309 440
1285 798 360
2 8
10 8
6030 5763 6535 6139 5990 6020 5724 5400
5280 4390 4816 4606 4858 4792 4770 5130
2 5
203375 411401
726284 972548 212001 990471 458523
561176 988800 752270 964487 436110
2 3
9 3
99 47 9
3 16 27
2 8
1 2
1 1 11 1 1 11 1 1
2 2 18 18 2 2 2 2
