99
2525 1
2400 5
300 2
120 60
60 90
144112685 1
101918974 3651
100037977 1
16177664 9818
619668381 1
58997357 571
200000 2
5000 7
5001 1
196499798 1
116184020 2610
832738098 1
541087940 1545
66852114 1
474801 8142
51423124 1
27718202 3617
152643437 1
99501500 6439
2 1
1 10000
987853579 1
44116720 5022
930604757 1
843119087 3014
91850787 1
62985183 2599
486392122 1
471715736 7771
418646600 1
111773015 1719
7560859 2
1826433 880
2885285 4985
556952562 1
413959009 5885
198498713 1
2213803 9493
555841402 1
537892249 3349
1000000000 1
999999999 10000
645073809 1
248057755 1782
2 1
1 1
669250345 1
484569916 3461
398564052 1
396562768 8214
354223853 1
217220563 4124
134210596 1
35450988 7143
655717913 1
403027473 4977
1000000000 2
999999997 3
999999998 2
799746303 1
28775213 8562
62783345 1
49992307 5369
971660567 1
15557681 8222
1000000000 2
999000000 10000
998000000 10000
195426418 1
69846383 7672
466041873 1
189678917 1460
529317754 1
274879850 1316
890799804 1
795353606 3035
171036608 1
89530310 7387
99097257 1
77801584 9459
902225900 1
632167000 2753
1000000000 1
999999999 1
660658307 1
56609455 4606
1000000000 2
100 10000
200 10000
18242708 1
8003599 14
719371602 1
85140225 4210
1000000000 2
999999999 2
999999998 3
798649364 1
636730037 2156
444252081 1
179377873 9910
1000000000 2
999000000 1
998000000 1
12427460 1
3284450 2885
227748651 1
87154892 7847
917877294 2
25679175 5970
476406459 313
1000000000 2
12345676 2
12345675 3
536340241 1
196621093 3710
794438506 1
444013689 129
613954392 1
535916811 9774
51547199 1
40034861 604
860517823 1
107264442 1033
1000000000 1
1 10000
42640653 1
7309462 1047
727596919 1
393324786 571
499964635 1
247293919 6031
58375658 1
21333576 9892
71645864 1
36260829 6193
859656084 1
100679194 4359
592228384 1
494179465 3466
1000000000 2
999999996 3
999999997 2
665975319 1
468047791 4974
208891571 1
32829405 9556
24647233 1
2332854 9233
820503376 1
635982130 2164
700285313 1
662279126 8523
963438259 1
283466795 4009
556946292 1
448219087 65
916554628 1
148461106 6003
196791602 1
24770405 4223
364639993 1
223940324 1845
147075393 1
65904355 612
849177329 1
305794141 9456
858762172 1
547734642 8511
295770244 1
14032592 1441
89289978 1
51340172 8294
691632690 1
503442568 8662
223426948 1
62545504 6131
579341426 1
269955202 3390
1000000000 2
2 2
1 3
1000000000 1
1 1
128945803 1
32412804 3085
677545791 1
525602793 6907
567973308 1
56596863 8274
80487169 1
69367154 7130
592366874 1
435546635 2830
233001948 1
90315431 6244
783485235 1
11831339 1844
532847069 1
99944022 9754
278194264 1
97226190 9835
41783419 1
28712526 9027
373903561 1
250342729 8578
